{
 "cells": [
  {
   "cell_type": "code",
   "execution_count": 2,
   "metadata": {},
   "outputs": [
    {
     "data": {
      "text/html": [
       "<div>\n",
       "<style scoped>\n",
       "    .dataframe tbody tr th:only-of-type {\n",
       "        vertical-align: middle;\n",
       "    }\n",
       "\n",
       "    .dataframe tbody tr th {\n",
       "        vertical-align: top;\n",
       "    }\n",
       "\n",
       "    .dataframe thead th {\n",
       "        text-align: right;\n",
       "    }\n",
       "</style>\n",
       "<table border=\"1\" class=\"dataframe\">\n",
       "  <thead>\n",
       "    <tr style=\"text-align: right;\">\n",
       "      <th></th>\n",
       "      <th>movie_id</th>\n",
       "      <th>average_rating</th>\n",
       "      <th>number of ratings</th>\n",
       "    </tr>\n",
       "  </thead>\n",
       "  <tbody>\n",
       "    <tr>\n",
       "      <th>500</th>\n",
       "      <td>tt0000809</td>\n",
       "      <td>6.2</td>\n",
       "      <td>62</td>\n",
       "    </tr>\n",
       "    <tr>\n",
       "      <th>501</th>\n",
       "      <td>tt0000815</td>\n",
       "      <td>4.6</td>\n",
       "      <td>66</td>\n",
       "    </tr>\n",
       "    <tr>\n",
       "      <th>502</th>\n",
       "      <td>tt0000816</td>\n",
       "      <td>4.7</td>\n",
       "      <td>124</td>\n",
       "    </tr>\n",
       "    <tr>\n",
       "      <th>503</th>\n",
       "      <td>tt0000817</td>\n",
       "      <td>4.1</td>\n",
       "      <td>18</td>\n",
       "    </tr>\n",
       "    <tr>\n",
       "      <th>504</th>\n",
       "      <td>tt0000819</td>\n",
       "      <td>5.2</td>\n",
       "      <td>67</td>\n",
       "    </tr>\n",
       "    <tr>\n",
       "      <th>...</th>\n",
       "      <td>...</td>\n",
       "      <td>...</td>\n",
       "      <td>...</td>\n",
       "    </tr>\n",
       "    <tr>\n",
       "      <th>1256801</th>\n",
       "      <td>tt9916690</td>\n",
       "      <td>6.5</td>\n",
       "      <td>6</td>\n",
       "    </tr>\n",
       "    <tr>\n",
       "      <th>1256802</th>\n",
       "      <td>tt9916720</td>\n",
       "      <td>5.2</td>\n",
       "      <td>248</td>\n",
       "    </tr>\n",
       "    <tr>\n",
       "      <th>1256803</th>\n",
       "      <td>tt9916730</td>\n",
       "      <td>8.4</td>\n",
       "      <td>6</td>\n",
       "    </tr>\n",
       "    <tr>\n",
       "      <th>1256804</th>\n",
       "      <td>tt9916766</td>\n",
       "      <td>6.8</td>\n",
       "      <td>21</td>\n",
       "    </tr>\n",
       "    <tr>\n",
       "      <th>1256805</th>\n",
       "      <td>tt9916778</td>\n",
       "      <td>7.2</td>\n",
       "      <td>35</td>\n",
       "    </tr>\n",
       "  </tbody>\n",
       "</table>\n",
       "<p>1256306 rows × 3 columns</p>\n",
       "</div>"
      ],
      "text/plain": [
       "          movie_id  average_rating  number of ratings\n",
       "500      tt0000809             6.2                 62\n",
       "501      tt0000815             4.6                 66\n",
       "502      tt0000816             4.7                124\n",
       "503      tt0000817             4.1                 18\n",
       "504      tt0000819             5.2                 67\n",
       "...            ...             ...                ...\n",
       "1256801  tt9916690             6.5                  6\n",
       "1256802  tt9916720             5.2                248\n",
       "1256803  tt9916730             8.4                  6\n",
       "1256804  tt9916766             6.8                 21\n",
       "1256805  tt9916778             7.2                 35\n",
       "\n",
       "[1256306 rows x 3 columns]"
      ]
     },
     "execution_count": 2,
     "metadata": {},
     "output_type": "execute_result"
    }
   ],
   "source": [
    "import pandas as pd\n",
    "\n",
    "ret = pd.read_csv(\"data.tsv\" , delimiter=\"\\t\").set_axis(labels=[\"movie_id\", \"average_rating\", \"number of ratings\"], axis=1)\n",
    "\n",
    "ret[500:]"
   ]
  },
  {
   "cell_type": "code",
   "execution_count": 3,
   "metadata": {},
   "outputs": [
    {
     "data": {
      "text/html": [
       "<div>\n",
       "<style scoped>\n",
       "    .dataframe tbody tr th:only-of-type {\n",
       "        vertical-align: middle;\n",
       "    }\n",
       "\n",
       "    .dataframe tbody tr th {\n",
       "        vertical-align: top;\n",
       "    }\n",
       "\n",
       "    .dataframe thead th {\n",
       "        text-align: right;\n",
       "    }\n",
       "</style>\n",
       "<table border=\"1\" class=\"dataframe\">\n",
       "  <thead>\n",
       "    <tr style=\"text-align: right;\">\n",
       "      <th></th>\n",
       "      <th>rating_key</th>\n",
       "      <th>movie_id_value</th>\n",
       "    </tr>\n",
       "  </thead>\n",
       "  <tbody>\n",
       "    <tr>\n",
       "      <th>1150</th>\n",
       "      <td>6</td>\n",
       "      <td>tt0002678</td>\n",
       "    </tr>\n",
       "    <tr>\n",
       "      <th>1156</th>\n",
       "      <td>6</td>\n",
       "      <td>tt0002736</td>\n",
       "    </tr>\n",
       "    <tr>\n",
       "      <th>1160</th>\n",
       "      <td>6</td>\n",
       "      <td>tt0002753</td>\n",
       "    </tr>\n",
       "    <tr>\n",
       "      <th>1162</th>\n",
       "      <td>6</td>\n",
       "      <td>tt0002759</td>\n",
       "    </tr>\n",
       "    <tr>\n",
       "      <th>1164</th>\n",
       "      <td>6</td>\n",
       "      <td>tt0002767</td>\n",
       "    </tr>\n",
       "    <tr>\n",
       "      <th>...</th>\n",
       "      <td>...</td>\n",
       "      <td>...</td>\n",
       "    </tr>\n",
       "    <tr>\n",
       "      <th>1256786</th>\n",
       "      <td>6</td>\n",
       "      <td>tt9916406</td>\n",
       "    </tr>\n",
       "    <tr>\n",
       "      <th>1256795</th>\n",
       "      <td>6</td>\n",
       "      <td>tt9916576</td>\n",
       "    </tr>\n",
       "    <tr>\n",
       "      <th>1256799</th>\n",
       "      <td>6</td>\n",
       "      <td>tt9916670</td>\n",
       "    </tr>\n",
       "    <tr>\n",
       "      <th>1256800</th>\n",
       "      <td>6</td>\n",
       "      <td>tt9916682</td>\n",
       "    </tr>\n",
       "    <tr>\n",
       "      <th>1256801</th>\n",
       "      <td>6</td>\n",
       "      <td>tt9916690</td>\n",
       "    </tr>\n",
       "  </tbody>\n",
       "</table>\n",
       "<p>252406 rows × 2 columns</p>\n",
       "</div>"
      ],
      "text/plain": [
       "         rating_key movie_id_value\n",
       "1150              6      tt0002678\n",
       "1156              6      tt0002736\n",
       "1160              6      tt0002753\n",
       "1162              6      tt0002759\n",
       "1164              6      tt0002767\n",
       "...             ...            ...\n",
       "1256786           6      tt9916406\n",
       "1256795           6      tt9916576\n",
       "1256799           6      tt9916670\n",
       "1256800           6      tt9916682\n",
       "1256801           6      tt9916690\n",
       "\n",
       "[252406 rows x 2 columns]"
      ]
     },
     "execution_count": 3,
     "metadata": {},
     "output_type": "execute_result"
    }
   ],
   "source": [
    "ratings_KV = pd.DataFrame()\n",
    "ratings_KV[\"rating_key\"] = ret[\"average_rating\"].round().astype(int)\n",
    "ratings_KV[\"movie_id_value\"] = ret[\"movie_id\"]\n",
    "\n",
    "ratings_KV[ratings_KV[\"rating_key\"] == 6][380:]"
   ]
  },
  {
   "cell_type": "code",
   "execution_count": 4,
   "metadata": {},
   "outputs": [
    {
     "data": {
      "text/html": [
       "<div>\n",
       "<style scoped>\n",
       "    .dataframe tbody tr th:only-of-type {\n",
       "        vertical-align: middle;\n",
       "    }\n",
       "\n",
       "    .dataframe tbody tr th {\n",
       "        vertical-align: top;\n",
       "    }\n",
       "\n",
       "    .dataframe thead th {\n",
       "        text-align: right;\n",
       "    }\n",
       "</style>\n",
       "<table border=\"1\" class=\"dataframe\">\n",
       "  <thead>\n",
       "    <tr style=\"text-align: right;\">\n",
       "      <th></th>\n",
       "      <th>P_value</th>\n",
       "      <th>job1_time</th>\n",
       "      <th>job2 kind</th>\n",
       "      <th>job2_time</th>\n",
       "      <th>job3_time</th>\n",
       "      <th>multipositive_counter</th>\n",
       "      <th>multipositive_rate</th>\n",
       "      <th>num_cores_per_executor</th>\n",
       "      <th>num_executors</th>\n",
       "    </tr>\n",
       "  </thead>\n",
       "  <tbody>\n",
       "    <tr>\n",
       "      <th>3</th>\n",
       "      <td>1.000000e-01</td>\n",
       "      <td>8.266</td>\n",
       "      <td>base</td>\n",
       "      <td>22.702</td>\n",
       "      <td>7.849</td>\n",
       "      <td>774845.0</td>\n",
       "      <td>6.165187e-01</td>\n",
       "      <td>4.0</td>\n",
       "      <td>12.0</td>\n",
       "    </tr>\n",
       "    <tr>\n",
       "      <th>4</th>\n",
       "      <td>1.000000e-01</td>\n",
       "      <td>5.413</td>\n",
       "      <td>aggregate_by_key</td>\n",
       "      <td>3.317</td>\n",
       "      <td>7.523</td>\n",
       "      <td>774845.0</td>\n",
       "      <td>6.165187e-01</td>\n",
       "      <td>4.0</td>\n",
       "      <td>12.0</td>\n",
       "    </tr>\n",
       "    <tr>\n",
       "      <th>5</th>\n",
       "      <td>1.000000e-01</td>\n",
       "      <td>5.884</td>\n",
       "      <td>group_by_key</td>\n",
       "      <td>2.445</td>\n",
       "      <td>8.012</td>\n",
       "      <td>774845.0</td>\n",
       "      <td>6.165187e-01</td>\n",
       "      <td>4.0</td>\n",
       "      <td>12.0</td>\n",
       "    </tr>\n",
       "    <tr>\n",
       "      <th>6</th>\n",
       "      <td>1.000000e-02</td>\n",
       "      <td>5.396</td>\n",
       "      <td>base</td>\n",
       "      <td>42.488</td>\n",
       "      <td>8.619</td>\n",
       "      <td>109907.0</td>\n",
       "      <td>8.744939e-02</td>\n",
       "      <td>4.0</td>\n",
       "      <td>12.0</td>\n",
       "    </tr>\n",
       "    <tr>\n",
       "      <th>7</th>\n",
       "      <td>1.000000e-02</td>\n",
       "      <td>5.345</td>\n",
       "      <td>aggregate_by_key</td>\n",
       "      <td>3.661</td>\n",
       "      <td>8.331</td>\n",
       "      <td>109907.0</td>\n",
       "      <td>8.744939e-02</td>\n",
       "      <td>4.0</td>\n",
       "      <td>12.0</td>\n",
       "    </tr>\n",
       "    <tr>\n",
       "      <th>8</th>\n",
       "      <td>1.000000e-02</td>\n",
       "      <td>5.169</td>\n",
       "      <td>group_by_key</td>\n",
       "      <td>2.812</td>\n",
       "      <td>8.799</td>\n",
       "      <td>109907.0</td>\n",
       "      <td>8.744939e-02</td>\n",
       "      <td>4.0</td>\n",
       "      <td>12.0</td>\n",
       "    </tr>\n",
       "    <tr>\n",
       "      <th>11</th>\n",
       "      <td>1.000000e-03</td>\n",
       "      <td>4.977</td>\n",
       "      <td>group_by_key</td>\n",
       "      <td>3.406</td>\n",
       "      <td>8.820</td>\n",
       "      <td>11331.0</td>\n",
       "      <td>9.015704e-03</td>\n",
       "      <td>4.0</td>\n",
       "      <td>12.0</td>\n",
       "    </tr>\n",
       "    <tr>\n",
       "      <th>9</th>\n",
       "      <td>1.000000e-03</td>\n",
       "      <td>5.628</td>\n",
       "      <td>base</td>\n",
       "      <td>69.689</td>\n",
       "      <td>8.815</td>\n",
       "      <td>11331.0</td>\n",
       "      <td>9.015704e-03</td>\n",
       "      <td>4.0</td>\n",
       "      <td>12.0</td>\n",
       "    </tr>\n",
       "    <tr>\n",
       "      <th>10</th>\n",
       "      <td>1.000000e-03</td>\n",
       "      <td>5.440</td>\n",
       "      <td>aggregate_by_key</td>\n",
       "      <td>3.999</td>\n",
       "      <td>9.768</td>\n",
       "      <td>11331.0</td>\n",
       "      <td>9.015704e-03</td>\n",
       "      <td>4.0</td>\n",
       "      <td>12.0</td>\n",
       "    </tr>\n",
       "    <tr>\n",
       "      <th>12</th>\n",
       "      <td>1.000000e-04</td>\n",
       "      <td>5.071</td>\n",
       "      <td>base</td>\n",
       "      <td>85.575</td>\n",
       "      <td>9.588</td>\n",
       "      <td>1165.0</td>\n",
       "      <td>9.269522e-04</td>\n",
       "      <td>4.0</td>\n",
       "      <td>12.0</td>\n",
       "    </tr>\n",
       "    <tr>\n",
       "      <th>13</th>\n",
       "      <td>1.000000e-04</td>\n",
       "      <td>5.262</td>\n",
       "      <td>aggregate_by_key</td>\n",
       "      <td>5.812</td>\n",
       "      <td>9.417</td>\n",
       "      <td>1165.0</td>\n",
       "      <td>9.269522e-04</td>\n",
       "      <td>4.0</td>\n",
       "      <td>12.0</td>\n",
       "    </tr>\n",
       "    <tr>\n",
       "      <th>14</th>\n",
       "      <td>1.000000e-04</td>\n",
       "      <td>4.758</td>\n",
       "      <td>group_by_key</td>\n",
       "      <td>4.243</td>\n",
       "      <td>10.198</td>\n",
       "      <td>1165.0</td>\n",
       "      <td>9.269522e-04</td>\n",
       "      <td>4.0</td>\n",
       "      <td>12.0</td>\n",
       "    </tr>\n",
       "    <tr>\n",
       "      <th>15</th>\n",
       "      <td>1.000000e-05</td>\n",
       "      <td>6.280</td>\n",
       "      <td>base</td>\n",
       "      <td>115.555</td>\n",
       "      <td>9.782</td>\n",
       "      <td>114.0</td>\n",
       "      <td>9.070605e-05</td>\n",
       "      <td>4.0</td>\n",
       "      <td>12.0</td>\n",
       "    </tr>\n",
       "    <tr>\n",
       "      <th>17</th>\n",
       "      <td>1.000000e-05</td>\n",
       "      <td>5.332</td>\n",
       "      <td>group_by_key</td>\n",
       "      <td>4.631</td>\n",
       "      <td>10.083</td>\n",
       "      <td>114.0</td>\n",
       "      <td>9.070605e-05</td>\n",
       "      <td>4.0</td>\n",
       "      <td>12.0</td>\n",
       "    </tr>\n",
       "    <tr>\n",
       "      <th>16</th>\n",
       "      <td>1.000000e-05</td>\n",
       "      <td>5.383</td>\n",
       "      <td>aggregate_by_key</td>\n",
       "      <td>6.317</td>\n",
       "      <td>10.608</td>\n",
       "      <td>114.0</td>\n",
       "      <td>9.070605e-05</td>\n",
       "      <td>4.0</td>\n",
       "      <td>12.0</td>\n",
       "    </tr>\n",
       "    <tr>\n",
       "      <th>0</th>\n",
       "      <td>1.000000e-06</td>\n",
       "      <td>5.910</td>\n",
       "      <td>base</td>\n",
       "      <td>130.814</td>\n",
       "      <td>9.983</td>\n",
       "      <td>8.0</td>\n",
       "      <td>6.365337e-06</td>\n",
       "      <td>4.0</td>\n",
       "      <td>12.0</td>\n",
       "    </tr>\n",
       "    <tr>\n",
       "      <th>1</th>\n",
       "      <td>1.000000e-06</td>\n",
       "      <td>5.576</td>\n",
       "      <td>aggregate_by_key</td>\n",
       "      <td>5.720</td>\n",
       "      <td>9.952</td>\n",
       "      <td>8.0</td>\n",
       "      <td>6.365337e-06</td>\n",
       "      <td>4.0</td>\n",
       "      <td>12.0</td>\n",
       "    </tr>\n",
       "    <tr>\n",
       "      <th>2</th>\n",
       "      <td>1.000000e-06</td>\n",
       "      <td>5.411</td>\n",
       "      <td>group_by_key</td>\n",
       "      <td>5.508</td>\n",
       "      <td>10.418</td>\n",
       "      <td>8.0</td>\n",
       "      <td>6.365337e-06</td>\n",
       "      <td>4.0</td>\n",
       "      <td>12.0</td>\n",
       "    </tr>\n",
       "    <tr>\n",
       "      <th>18</th>\n",
       "      <td>1.000000e-07</td>\n",
       "      <td>5.018</td>\n",
       "      <td>base</td>\n",
       "      <td>162.788</td>\n",
       "      <td>10.717</td>\n",
       "      <td>1.0</td>\n",
       "      <td>7.956671e-07</td>\n",
       "      <td>4.0</td>\n",
       "      <td>12.0</td>\n",
       "    </tr>\n",
       "    <tr>\n",
       "      <th>19</th>\n",
       "      <td>1.000000e-07</td>\n",
       "      <td>5.746</td>\n",
       "      <td>base</td>\n",
       "      <td>167.382</td>\n",
       "      <td>10.840</td>\n",
       "      <td>1.0</td>\n",
       "      <td>7.956671e-07</td>\n",
       "      <td>4.0</td>\n",
       "      <td>12.0</td>\n",
       "    </tr>\n",
       "    <tr>\n",
       "      <th>20</th>\n",
       "      <td>1.000000e-07</td>\n",
       "      <td>4.912</td>\n",
       "      <td>aggregate_by_key</td>\n",
       "      <td>7.700</td>\n",
       "      <td>11.688</td>\n",
       "      <td>1.0</td>\n",
       "      <td>7.956671e-07</td>\n",
       "      <td>4.0</td>\n",
       "      <td>12.0</td>\n",
       "    </tr>\n",
       "    <tr>\n",
       "      <th>21</th>\n",
       "      <td>1.000000e-07</td>\n",
       "      <td>5.371</td>\n",
       "      <td>group_by_key</td>\n",
       "      <td>5.928</td>\n",
       "      <td>10.719</td>\n",
       "      <td>1.0</td>\n",
       "      <td>7.956671e-07</td>\n",
       "      <td>4.0</td>\n",
       "      <td>12.0</td>\n",
       "    </tr>\n",
       "  </tbody>\n",
       "</table>\n",
       "</div>"
      ],
      "text/plain": [
       "         P_value  job1_time         job2 kind  job2_time  job3_time  \\\n",
       "3   1.000000e-01      8.266              base     22.702      7.849   \n",
       "4   1.000000e-01      5.413  aggregate_by_key      3.317      7.523   \n",
       "5   1.000000e-01      5.884      group_by_key      2.445      8.012   \n",
       "6   1.000000e-02      5.396              base     42.488      8.619   \n",
       "7   1.000000e-02      5.345  aggregate_by_key      3.661      8.331   \n",
       "8   1.000000e-02      5.169      group_by_key      2.812      8.799   \n",
       "11  1.000000e-03      4.977      group_by_key      3.406      8.820   \n",
       "9   1.000000e-03      5.628              base     69.689      8.815   \n",
       "10  1.000000e-03      5.440  aggregate_by_key      3.999      9.768   \n",
       "12  1.000000e-04      5.071              base     85.575      9.588   \n",
       "13  1.000000e-04      5.262  aggregate_by_key      5.812      9.417   \n",
       "14  1.000000e-04      4.758      group_by_key      4.243     10.198   \n",
       "15  1.000000e-05      6.280              base    115.555      9.782   \n",
       "17  1.000000e-05      5.332      group_by_key      4.631     10.083   \n",
       "16  1.000000e-05      5.383  aggregate_by_key      6.317     10.608   \n",
       "0   1.000000e-06      5.910              base    130.814      9.983   \n",
       "1   1.000000e-06      5.576  aggregate_by_key      5.720      9.952   \n",
       "2   1.000000e-06      5.411      group_by_key      5.508     10.418   \n",
       "18  1.000000e-07      5.018              base    162.788     10.717   \n",
       "19  1.000000e-07      5.746              base    167.382     10.840   \n",
       "20  1.000000e-07      4.912  aggregate_by_key      7.700     11.688   \n",
       "21  1.000000e-07      5.371      group_by_key      5.928     10.719   \n",
       "\n",
       "    multipositive_counter  multipositive_rate  num_cores_per_executor  \\\n",
       "3                774845.0        6.165187e-01                     4.0   \n",
       "4                774845.0        6.165187e-01                     4.0   \n",
       "5                774845.0        6.165187e-01                     4.0   \n",
       "6                109907.0        8.744939e-02                     4.0   \n",
       "7                109907.0        8.744939e-02                     4.0   \n",
       "8                109907.0        8.744939e-02                     4.0   \n",
       "11                11331.0        9.015704e-03                     4.0   \n",
       "9                 11331.0        9.015704e-03                     4.0   \n",
       "10                11331.0        9.015704e-03                     4.0   \n",
       "12                 1165.0        9.269522e-04                     4.0   \n",
       "13                 1165.0        9.269522e-04                     4.0   \n",
       "14                 1165.0        9.269522e-04                     4.0   \n",
       "15                  114.0        9.070605e-05                     4.0   \n",
       "17                  114.0        9.070605e-05                     4.0   \n",
       "16                  114.0        9.070605e-05                     4.0   \n",
       "0                     8.0        6.365337e-06                     4.0   \n",
       "1                     8.0        6.365337e-06                     4.0   \n",
       "2                     8.0        6.365337e-06                     4.0   \n",
       "18                    1.0        7.956671e-07                     4.0   \n",
       "19                    1.0        7.956671e-07                     4.0   \n",
       "20                    1.0        7.956671e-07                     4.0   \n",
       "21                    1.0        7.956671e-07                     4.0   \n",
       "\n",
       "    num_executors  \n",
       "3            12.0  \n",
       "4            12.0  \n",
       "5            12.0  \n",
       "6            12.0  \n",
       "7            12.0  \n",
       "8            12.0  \n",
       "11           12.0  \n",
       "9            12.0  \n",
       "10           12.0  \n",
       "12           12.0  \n",
       "13           12.0  \n",
       "14           12.0  \n",
       "15           12.0  \n",
       "17           12.0  \n",
       "16           12.0  \n",
       "0            12.0  \n",
       "1            12.0  \n",
       "2            12.0  \n",
       "18           12.0  \n",
       "19           12.0  \n",
       "20           12.0  \n",
       "21           12.0  "
      ]
     },
     "execution_count": 4,
     "metadata": {},
     "output_type": "execute_result"
    }
   ],
   "source": [
    "results = pd.read_csv(\"spark_results.csv\", index_col=0)\n",
    "\n",
    "results.sort_values(by=\"P_value\", ascending=False, inplace=True)\n",
    "\n",
    "results"
   ]
  },
  {
   "cell_type": "code",
   "execution_count": 5,
   "metadata": {},
   "outputs": [
    {
     "data": {
      "text/html": [
       "<div>\n",
       "<style scoped>\n",
       "    .dataframe tbody tr th:only-of-type {\n",
       "        vertical-align: middle;\n",
       "    }\n",
       "\n",
       "    .dataframe tbody tr th {\n",
       "        vertical-align: top;\n",
       "    }\n",
       "\n",
       "    .dataframe thead th {\n",
       "        text-align: right;\n",
       "    }\n",
       "</style>\n",
       "<table border=\"1\" class=\"dataframe\">\n",
       "  <thead>\n",
       "    <tr style=\"text-align: right;\">\n",
       "      <th></th>\n",
       "      <th>P_value</th>\n",
       "      <th>job1_time</th>\n",
       "      <th>job2 kind</th>\n",
       "      <th>job2_time</th>\n",
       "      <th>job3_time</th>\n",
       "      <th>multipositive_counter</th>\n",
       "      <th>multipositive_rate</th>\n",
       "      <th>num_cores_per_executor</th>\n",
       "      <th>num_executors</th>\n",
       "    </tr>\n",
       "  </thead>\n",
       "  <tbody>\n",
       "    <tr>\n",
       "      <th>5</th>\n",
       "      <td>1.000000e-01</td>\n",
       "      <td>5.884</td>\n",
       "      <td>group_by_key</td>\n",
       "      <td>2.445</td>\n",
       "      <td>8.012</td>\n",
       "      <td>774845.0</td>\n",
       "      <td>6.165187e-01</td>\n",
       "      <td>4.0</td>\n",
       "      <td>12.0</td>\n",
       "    </tr>\n",
       "    <tr>\n",
       "      <th>8</th>\n",
       "      <td>1.000000e-02</td>\n",
       "      <td>5.169</td>\n",
       "      <td>group_by_key</td>\n",
       "      <td>2.812</td>\n",
       "      <td>8.799</td>\n",
       "      <td>109907.0</td>\n",
       "      <td>8.744939e-02</td>\n",
       "      <td>4.0</td>\n",
       "      <td>12.0</td>\n",
       "    </tr>\n",
       "    <tr>\n",
       "      <th>11</th>\n",
       "      <td>1.000000e-03</td>\n",
       "      <td>4.977</td>\n",
       "      <td>group_by_key</td>\n",
       "      <td>3.406</td>\n",
       "      <td>8.820</td>\n",
       "      <td>11331.0</td>\n",
       "      <td>9.015704e-03</td>\n",
       "      <td>4.0</td>\n",
       "      <td>12.0</td>\n",
       "    </tr>\n",
       "    <tr>\n",
       "      <th>14</th>\n",
       "      <td>1.000000e-04</td>\n",
       "      <td>4.758</td>\n",
       "      <td>group_by_key</td>\n",
       "      <td>4.243</td>\n",
       "      <td>10.198</td>\n",
       "      <td>1165.0</td>\n",
       "      <td>9.269522e-04</td>\n",
       "      <td>4.0</td>\n",
       "      <td>12.0</td>\n",
       "    </tr>\n",
       "    <tr>\n",
       "      <th>17</th>\n",
       "      <td>1.000000e-05</td>\n",
       "      <td>5.332</td>\n",
       "      <td>group_by_key</td>\n",
       "      <td>4.631</td>\n",
       "      <td>10.083</td>\n",
       "      <td>114.0</td>\n",
       "      <td>9.070605e-05</td>\n",
       "      <td>4.0</td>\n",
       "      <td>12.0</td>\n",
       "    </tr>\n",
       "    <tr>\n",
       "      <th>2</th>\n",
       "      <td>1.000000e-06</td>\n",
       "      <td>5.411</td>\n",
       "      <td>group_by_key</td>\n",
       "      <td>5.508</td>\n",
       "      <td>10.418</td>\n",
       "      <td>8.0</td>\n",
       "      <td>6.365337e-06</td>\n",
       "      <td>4.0</td>\n",
       "      <td>12.0</td>\n",
       "    </tr>\n",
       "    <tr>\n",
       "      <th>21</th>\n",
       "      <td>1.000000e-07</td>\n",
       "      <td>5.371</td>\n",
       "      <td>group_by_key</td>\n",
       "      <td>5.928</td>\n",
       "      <td>10.719</td>\n",
       "      <td>1.0</td>\n",
       "      <td>7.956671e-07</td>\n",
       "      <td>4.0</td>\n",
       "      <td>12.0</td>\n",
       "    </tr>\n",
       "    <tr>\n",
       "      <th>3</th>\n",
       "      <td>1.000000e-01</td>\n",
       "      <td>8.266</td>\n",
       "      <td>base</td>\n",
       "      <td>22.702</td>\n",
       "      <td>7.849</td>\n",
       "      <td>774845.0</td>\n",
       "      <td>6.165187e-01</td>\n",
       "      <td>4.0</td>\n",
       "      <td>12.0</td>\n",
       "    </tr>\n",
       "    <tr>\n",
       "      <th>6</th>\n",
       "      <td>1.000000e-02</td>\n",
       "      <td>5.396</td>\n",
       "      <td>base</td>\n",
       "      <td>42.488</td>\n",
       "      <td>8.619</td>\n",
       "      <td>109907.0</td>\n",
       "      <td>8.744939e-02</td>\n",
       "      <td>4.0</td>\n",
       "      <td>12.0</td>\n",
       "    </tr>\n",
       "    <tr>\n",
       "      <th>9</th>\n",
       "      <td>1.000000e-03</td>\n",
       "      <td>5.628</td>\n",
       "      <td>base</td>\n",
       "      <td>69.689</td>\n",
       "      <td>8.815</td>\n",
       "      <td>11331.0</td>\n",
       "      <td>9.015704e-03</td>\n",
       "      <td>4.0</td>\n",
       "      <td>12.0</td>\n",
       "    </tr>\n",
       "    <tr>\n",
       "      <th>12</th>\n",
       "      <td>1.000000e-04</td>\n",
       "      <td>5.071</td>\n",
       "      <td>base</td>\n",
       "      <td>85.575</td>\n",
       "      <td>9.588</td>\n",
       "      <td>1165.0</td>\n",
       "      <td>9.269522e-04</td>\n",
       "      <td>4.0</td>\n",
       "      <td>12.0</td>\n",
       "    </tr>\n",
       "    <tr>\n",
       "      <th>15</th>\n",
       "      <td>1.000000e-05</td>\n",
       "      <td>6.280</td>\n",
       "      <td>base</td>\n",
       "      <td>115.555</td>\n",
       "      <td>9.782</td>\n",
       "      <td>114.0</td>\n",
       "      <td>9.070605e-05</td>\n",
       "      <td>4.0</td>\n",
       "      <td>12.0</td>\n",
       "    </tr>\n",
       "    <tr>\n",
       "      <th>0</th>\n",
       "      <td>1.000000e-06</td>\n",
       "      <td>5.910</td>\n",
       "      <td>base</td>\n",
       "      <td>130.814</td>\n",
       "      <td>9.983</td>\n",
       "      <td>8.0</td>\n",
       "      <td>6.365337e-06</td>\n",
       "      <td>4.0</td>\n",
       "      <td>12.0</td>\n",
       "    </tr>\n",
       "    <tr>\n",
       "      <th>18</th>\n",
       "      <td>1.000000e-07</td>\n",
       "      <td>5.018</td>\n",
       "      <td>base</td>\n",
       "      <td>162.788</td>\n",
       "      <td>10.717</td>\n",
       "      <td>1.0</td>\n",
       "      <td>7.956671e-07</td>\n",
       "      <td>4.0</td>\n",
       "      <td>12.0</td>\n",
       "    </tr>\n",
       "    <tr>\n",
       "      <th>19</th>\n",
       "      <td>1.000000e-07</td>\n",
       "      <td>5.746</td>\n",
       "      <td>base</td>\n",
       "      <td>167.382</td>\n",
       "      <td>10.840</td>\n",
       "      <td>1.0</td>\n",
       "      <td>7.956671e-07</td>\n",
       "      <td>4.0</td>\n",
       "      <td>12.0</td>\n",
       "    </tr>\n",
       "    <tr>\n",
       "      <th>4</th>\n",
       "      <td>1.000000e-01</td>\n",
       "      <td>5.413</td>\n",
       "      <td>aggregate_by_key</td>\n",
       "      <td>3.317</td>\n",
       "      <td>7.523</td>\n",
       "      <td>774845.0</td>\n",
       "      <td>6.165187e-01</td>\n",
       "      <td>4.0</td>\n",
       "      <td>12.0</td>\n",
       "    </tr>\n",
       "    <tr>\n",
       "      <th>7</th>\n",
       "      <td>1.000000e-02</td>\n",
       "      <td>5.345</td>\n",
       "      <td>aggregate_by_key</td>\n",
       "      <td>3.661</td>\n",
       "      <td>8.331</td>\n",
       "      <td>109907.0</td>\n",
       "      <td>8.744939e-02</td>\n",
       "      <td>4.0</td>\n",
       "      <td>12.0</td>\n",
       "    </tr>\n",
       "    <tr>\n",
       "      <th>10</th>\n",
       "      <td>1.000000e-03</td>\n",
       "      <td>5.440</td>\n",
       "      <td>aggregate_by_key</td>\n",
       "      <td>3.999</td>\n",
       "      <td>9.768</td>\n",
       "      <td>11331.0</td>\n",
       "      <td>9.015704e-03</td>\n",
       "      <td>4.0</td>\n",
       "      <td>12.0</td>\n",
       "    </tr>\n",
       "    <tr>\n",
       "      <th>13</th>\n",
       "      <td>1.000000e-04</td>\n",
       "      <td>5.262</td>\n",
       "      <td>aggregate_by_key</td>\n",
       "      <td>5.812</td>\n",
       "      <td>9.417</td>\n",
       "      <td>1165.0</td>\n",
       "      <td>9.269522e-04</td>\n",
       "      <td>4.0</td>\n",
       "      <td>12.0</td>\n",
       "    </tr>\n",
       "    <tr>\n",
       "      <th>16</th>\n",
       "      <td>1.000000e-05</td>\n",
       "      <td>5.383</td>\n",
       "      <td>aggregate_by_key</td>\n",
       "      <td>6.317</td>\n",
       "      <td>10.608</td>\n",
       "      <td>114.0</td>\n",
       "      <td>9.070605e-05</td>\n",
       "      <td>4.0</td>\n",
       "      <td>12.0</td>\n",
       "    </tr>\n",
       "    <tr>\n",
       "      <th>1</th>\n",
       "      <td>1.000000e-06</td>\n",
       "      <td>5.576</td>\n",
       "      <td>aggregate_by_key</td>\n",
       "      <td>5.720</td>\n",
       "      <td>9.952</td>\n",
       "      <td>8.0</td>\n",
       "      <td>6.365337e-06</td>\n",
       "      <td>4.0</td>\n",
       "      <td>12.0</td>\n",
       "    </tr>\n",
       "    <tr>\n",
       "      <th>20</th>\n",
       "      <td>1.000000e-07</td>\n",
       "      <td>4.912</td>\n",
       "      <td>aggregate_by_key</td>\n",
       "      <td>7.700</td>\n",
       "      <td>11.688</td>\n",
       "      <td>1.0</td>\n",
       "      <td>7.956671e-07</td>\n",
       "      <td>4.0</td>\n",
       "      <td>12.0</td>\n",
       "    </tr>\n",
       "  </tbody>\n",
       "</table>\n",
       "</div>"
      ],
      "text/plain": [
       "         P_value  job1_time         job2 kind  job2_time  job3_time  \\\n",
       "5   1.000000e-01      5.884      group_by_key      2.445      8.012   \n",
       "8   1.000000e-02      5.169      group_by_key      2.812      8.799   \n",
       "11  1.000000e-03      4.977      group_by_key      3.406      8.820   \n",
       "14  1.000000e-04      4.758      group_by_key      4.243     10.198   \n",
       "17  1.000000e-05      5.332      group_by_key      4.631     10.083   \n",
       "2   1.000000e-06      5.411      group_by_key      5.508     10.418   \n",
       "21  1.000000e-07      5.371      group_by_key      5.928     10.719   \n",
       "3   1.000000e-01      8.266              base     22.702      7.849   \n",
       "6   1.000000e-02      5.396              base     42.488      8.619   \n",
       "9   1.000000e-03      5.628              base     69.689      8.815   \n",
       "12  1.000000e-04      5.071              base     85.575      9.588   \n",
       "15  1.000000e-05      6.280              base    115.555      9.782   \n",
       "0   1.000000e-06      5.910              base    130.814      9.983   \n",
       "18  1.000000e-07      5.018              base    162.788     10.717   \n",
       "19  1.000000e-07      5.746              base    167.382     10.840   \n",
       "4   1.000000e-01      5.413  aggregate_by_key      3.317      7.523   \n",
       "7   1.000000e-02      5.345  aggregate_by_key      3.661      8.331   \n",
       "10  1.000000e-03      5.440  aggregate_by_key      3.999      9.768   \n",
       "13  1.000000e-04      5.262  aggregate_by_key      5.812      9.417   \n",
       "16  1.000000e-05      5.383  aggregate_by_key      6.317     10.608   \n",
       "1   1.000000e-06      5.576  aggregate_by_key      5.720      9.952   \n",
       "20  1.000000e-07      4.912  aggregate_by_key      7.700     11.688   \n",
       "\n",
       "    multipositive_counter  multipositive_rate  num_cores_per_executor  \\\n",
       "5                774845.0        6.165187e-01                     4.0   \n",
       "8                109907.0        8.744939e-02                     4.0   \n",
       "11                11331.0        9.015704e-03                     4.0   \n",
       "14                 1165.0        9.269522e-04                     4.0   \n",
       "17                  114.0        9.070605e-05                     4.0   \n",
       "2                     8.0        6.365337e-06                     4.0   \n",
       "21                    1.0        7.956671e-07                     4.0   \n",
       "3                774845.0        6.165187e-01                     4.0   \n",
       "6                109907.0        8.744939e-02                     4.0   \n",
       "9                 11331.0        9.015704e-03                     4.0   \n",
       "12                 1165.0        9.269522e-04                     4.0   \n",
       "15                  114.0        9.070605e-05                     4.0   \n",
       "0                     8.0        6.365337e-06                     4.0   \n",
       "18                    1.0        7.956671e-07                     4.0   \n",
       "19                    1.0        7.956671e-07                     4.0   \n",
       "4                774845.0        6.165187e-01                     4.0   \n",
       "7                109907.0        8.744939e-02                     4.0   \n",
       "10                11331.0        9.015704e-03                     4.0   \n",
       "13                 1165.0        9.269522e-04                     4.0   \n",
       "16                  114.0        9.070605e-05                     4.0   \n",
       "1                     8.0        6.365337e-06                     4.0   \n",
       "20                    1.0        7.956671e-07                     4.0   \n",
       "\n",
       "    num_executors  \n",
       "5            12.0  \n",
       "8            12.0  \n",
       "11           12.0  \n",
       "14           12.0  \n",
       "17           12.0  \n",
       "2            12.0  \n",
       "21           12.0  \n",
       "3            12.0  \n",
       "6            12.0  \n",
       "9            12.0  \n",
       "12           12.0  \n",
       "15           12.0  \n",
       "0            12.0  \n",
       "18           12.0  \n",
       "19           12.0  \n",
       "4            12.0  \n",
       "7            12.0  \n",
       "10           12.0  \n",
       "13           12.0  \n",
       "16           12.0  \n",
       "1            12.0  \n",
       "20           12.0  "
      ]
     },
     "execution_count": 5,
     "metadata": {},
     "output_type": "execute_result"
    }
   ],
   "source": [
    "results.sort_values(by=[\"job2 kind\", \"P_value\"], ascending=False)"
   ]
  },
  {
   "cell_type": "code",
   "execution_count": 6,
   "metadata": {},
   "outputs": [
    {
     "name": "stderr",
     "output_type": "stream",
     "text": [
      "c:\\Python39\\lib\\site-packages\\seaborn\\_decorators.py:36: FutureWarning: Pass the following variables as keyword args: x, y. From version 0.12, the only valid positional argument will be `data`, and passing other arguments without an explicit keyword will result in an error or misinterpretation.\n",
      "  warnings.warn(\n"
     ]
    },
    {
     "data": {
      "text/plain": [
       "[]"
      ]
     },
     "execution_count": 6,
     "metadata": {},
     "output_type": "execute_result"
    },
    {
     "data": {
